99
17
19
78
24
83
75
87
25
66
37
26
41
55
24
99
32
96
35
66
55
79
99
29
66
78
99
44
83
96
84
11
16
79
18
77
65
33
31
99
54
59
82
59
23
16
74
33
89
88
66
91
45
75
85
93
35
31
55
44
66
83
81
64
33
63
36
98
59
36
55
87
55
94
44
33
79
67
11
14
34
49
83
24
92
28
56
77
83
22
79
57
11
68
33
97
28
44
38
95
64
28
33
12
15
78
77
66
24
44
56
44
12
27
53
11
55
55
55
96
33
11
19
77
83
52
74
95
66
81
46
98
26
56
11
96
22
37
68
73
12
11
45
55
84
28
99
88
71
74
72
11
83
99
74
96
44
66
58
58
33
31
93
11
49
74
55
47
57
51
66
44
22
98
61
43
81
79
88
96
95
18
11
64
89
77
62
41
22
12
11
98
37
16
95
45
88
99
37
33
99
86
88
66
55
66
52
18
83
11
71
44
16
74
66
55
26
42
41
55
11
14
22
33
11
38
28
51
22
36
55
65
92
91
86
77
33
44
11
23
87
87
15
86
87
75
19
27
88
85
27
93
82
49
56
88
92
11
37
66
14
22
93
33
97
11
66
66
65
19
11
88
28
27
37
19
33
67
58
55
22
42
66
11
11
11
45
89
91
39
21
84
22
33
51
81
33
27
52
88
33
86
85
91
35
44
42
11
77
94
55
84
99
22
95
56
55
77
31
61
88
39
78
94
55
59
61
77
49
62
32
37
61
35
33
88
49
44
22
49
76
58
99
67
22
54
78
77
54
24
44
16
87
34
87
88
44
28
48
37
85
22
68
77
99
35
99
48
15
44
83
88
17
37
55
84
44
11
44
99
53
22
27
42
22
66
59
22
55
33
64
16
66
78
41
11
48
94
89
44
44
77
23
18
88
44
44
12
66
44
55
69
99
66
77
99
15
28
99
19
55
44
78
75
33
85
49
79
84
99
85
89
42
99
71
22
14
88
88
17
66
35
11
91
34
22
36
85
84
88
83
11
75
59
88
28
66
61
66
66
47
79
71
58
37
61
33
49
88
42
13
98
41
44
46
82
79
83
69
63
11
44
58
96
15
58
36
33
21
33
88
77
44
88
77
43
66
44
77
41
53
21
17
49
44
33
45
88
41
44
41
75
66
44
32
15
94
88
94
69
17
87
78
44
56
39
99
33
77
11
88
99
38
99
11
28
82
84
11
51
66
93
66
85
57
57
28
77
52
77
84
61
92
33
38
49
49
22
11
66
11
56
34
65
24
32
21
66
97
55
54
88
11
22
27
71
66
98
65
66
89
15
16
58
94
26
57
66
22
55
18
91
16
19
73
44
77
59
11
84
21
93
51
22
38
66
33
66
41
47
53
98
66
11
88
55
88
22
37
47
78
22
89
33
22
11
88
51
44
94
45
44
32
22
87
99
59
49
31
65
84
49
11
62
66
47
94
33
51
42
68
46
91
88
23
18
74
22
57
18
36
88
66
33
31
47
15
21
38
69
59
76
16
28
77
22
48
68
22
22
11
45
77
39
77
32
84
75
41
77
93
33
41
55
33
63
87
75
58
55
95
22
11
99
14
48
37
19
17
41
25
27
55
16
55
96
72
13
11
79
99
77
11
78
94
22
89
12
22
98
33
22
77
55
23
36
34
37
45
11
14
16
99
77
77
61
55
33
76
26
48
21
22
66
88
68
44
59
43
36
54
55
61
11
86
44
77
98
17
22
41
55
54
89
68
77
11
73
22
44
32
26
85
77
47
82
47
66
71
76
95
74
45
95
87
99
88
44
38
44
11
34
31
34
46
33
21
85
89
37
87
44
22
28
91
32
11
86
77
27
81
23
95
44
91
55
62
34
38
28
77
42
56
44
33
22
89
11
63
27
47
14
49
69
66
44
14
73
88
88
64
16
11
44
11
66
61
13
82
55
33
55
58
33
13
27
66
44
55
82
59
15
61
54
62
44
51
96
99
35
43
11
79
18
16
66
57
66
44
22
75
71
66
66
28
63
24
88
99
33
36
97
77
26
24
69
44
41
33
52
93
71
95
99
88
88
41
44
16
29
84
52
38
89
22
74
65
43
23
88
55
36
88
66
83
58
66
88
88
85
65
85
11
89
99
66
46
99
84
51
66
99
95
55
11
57
33
89
44
32
44
99
66
65
18
44
35
61
94
81
68
85
33
22
57
29
69
55
69
56
99
66
68
66
44
11
44
66
22
66
55
35
33
88
77
92
46
49
11
45
